Average test rewards : 
0.0315

model config : 
Best trial config: {'env': 'wrapped_trading_env', 'env_config': {'data_filepath': '/Users/himanshuagrawal/rllib_project/train_file.csv', 'window_size': 5}, 'evaluation_interval': 1, 'evaluation_duration': 2, 'evaluation_parallel_to_training': True, 'evaluation_config': {'env': 'wrapped_trading_env', 'env_config': {'data_filepath': '/Users/himanshuagrawal/rllib_project/validation_file.csv', 'window_size': 5}, 'explore': False}, 'batch_mode': 'truncate_episodes', 'rollout_fragment_length': 'auto', 'evaluation_num_workers': 1, 'always_attach_evaluation_results': True, 'num_workers': 3, 'num_cpus_per_worker': 1, 'framework': 'torch', 'num_gpus': 0, 'shuffle_sequences': False, 'vf_loss_coeff': 0, 'lr': 0.00011030325691881245, 'gamma': 0.9323024727685087, 'clip_param': 0.07510086140256599, 'kl_coeff': 0.6572094397695664, 'num_sgd_iter': 43, 'sgd_minibatch_size': 8, 'train_batch_size': 29, 'model': {'fcnet_hiddens': [64, 32], 'fcnet_activation': 'relu', 'use_lstm': False}, 'log_level': 'WARNING'}
Best trial final reward: 0.1824803221676105 for average episode length of 98 steps

Evaluation results : 
trial_id
76be2_00000    0.021723

best test run : 
Best episode reward: 0.061915276537716876
Actions in best episode: [0, 0, 0, 0, 0, 0, 0, 0, 1, 0, 0, 0, 0, 1, 0, 0, 1, 0, 0, 2, 2, 1, 1, 0, 0, 1, 0, 0, 0, 1, 1]
States in best episode: [array([[ 3.12788668e-03,  4.17976366e-02,  0.00000000e+00],
       [-5.39665179e-03,  4.77476788e-02,  0.00000000e+00],
       [-6.37432049e-03, -2.00942516e-02,  0.00000000e+00],
       [-8.35535483e-04,  1.26973128e-02,  0.00000000e+00],
       [ 6.52200869e-05, -2.34443429e-02,  0.00000000e+00]]), array([[ 3.12788668e-03,  4.17976366e-02,  0.00000000e+00],
       [-5.39665179e-03,  4.77476788e-02,  0.00000000e+00],
       [-6.37432049e-03, -2.00942516e-02,  0.00000000e+00],
       [-8.35535483e-04,  1.26973128e-02,  0.00000000e+00],
       [ 6.52200869e-05, -2.34443429e-02,  0.00000000e+00]]), array([[-5.39665179e-03,  4.77476788e-02,  0.00000000e+00],
       [-6.37432049e-03, -2.00942516e-02,  0.00000000e+00],
       [-8.35535483e-04,  1.26973128e-02,  0.00000000e+00],
       [ 6.52200869e-05, -2.34443429e-02,  0.00000000e+00],
       [ 3.84363616e-03, -5.64961875e-02,  3.83626827e-03]]), array([[-6.37432049e-03, -2.00942516e-02,  0.00000000e+00],
       [-8.35535483e-04,  1.26973128e-02,  0.00000000e+00],
       [ 6.52200869e-05, -2.34443429e-02,  0.00000000e+00],
       [ 3.84363616e-03, -5.64961875e-02,  3.83626827e-03],
       [ 3.04954653e-03, -3.61184784e-02,  6.88117436e-03]]), array([[-8.35535483e-04,  1.26973128e-02,  0.00000000e+00],
       [ 6.52200869e-05, -2.34443429e-02,  0.00000000e+00],
       [ 3.84363616e-03, -5.64961875e-02,  3.83626827e-03],
       [ 3.04954653e-03, -3.61184784e-02,  6.88117436e-03],
       [ 3.23732993e-04, -3.81164221e-02,  7.20485496e-03]]), array([[ 6.52200869e-05, -2.34443429e-02,  0.00000000e+00],
       [ 3.84363616e-03, -5.64961875e-02,  3.83626827e-03],
       [ 3.04954653e-03, -3.61184784e-02,  6.88117436e-03],
       [ 3.23732993e-04, -3.81164221e-02,  7.20485496e-03],
       [ 2.57770320e-03,  1.09808090e-02,  9.77924158e-03]]), array([[ 0.00384364, -0.05649619,  0.00383627],
       [ 0.00304955, -0.03611848,  0.00688117],
       [ 0.00032373, -0.03811642,  0.00720485],
       [ 0.0025777 ,  0.01098081,  0.00977924],
       [ 0.00770785,  0.09632749,  0.01745754]]), array([[ 0.00304955, -0.03611848,  0.00688117],
       [ 0.00032373, -0.03811642,  0.00720485],
       [ 0.0025777 ,  0.01098081,  0.00977924],
       [ 0.00770785,  0.09632749,  0.01745754],
       [ 0.00971568, -0.05525872,  0.02712633]]), array([[ 0.00032373, -0.03811642,  0.00720485],
       [ 0.0025777 ,  0.01098081,  0.00977924],
       [ 0.00770785,  0.09632749,  0.01745754],
       [ 0.00971568, -0.05525872,  0.02712633],
       [-0.0006069 ,  0.00534649,  0.02651924]]), array([[ 0.0025777 ,  0.01098081,  0.00977924],
       [ 0.00770785,  0.09632749,  0.01745754],
       [ 0.00971568, -0.05525872,  0.02712633],
       [-0.0006069 ,  0.00534649,  0.02651924],
       [-0.00181082,  0.00134077,  0.        ]]), array([[ 0.00770785,  0.09632749,  0.01745754],
       [ 0.00971568, -0.05525872,  0.02712633],
       [-0.0006069 ,  0.00534649,  0.02651924],
       [-0.00181082,  0.00134077,  0.        ],
       [ 0.00200768,  0.05312713,  0.        ]]), array([[ 0.00971568, -0.05525872,  0.02712633],
       [-0.0006069 ,  0.00534649,  0.02651924],
       [-0.00181082,  0.00134077,  0.        ],
       [ 0.00200768,  0.05312713,  0.        ],
       [ 0.00018208,  0.05299137,  0.00018207]]), array([[-0.0006069 ,  0.00534649,  0.02651924],
       [-0.00181082,  0.00134077,  0.        ],
       [ 0.00200768,  0.05312713,  0.        ],
       [ 0.00018208,  0.05299137,  0.00018207],
       [ 0.01008801, -0.00655122,  0.01021953]]), array([[-0.00181082,  0.00134077,  0.        ],
       [ 0.00200768,  0.05312713,  0.        ],
       [ 0.00018208,  0.05299137,  0.00018207],
       [ 0.01008801, -0.00655122,  0.01021953],
       [ 0.00055723,  0.10376503,  0.01077661]]), array([[ 0.00200768,  0.05312713,  0.        ],
       [ 0.00018208,  0.05299137,  0.00018207],
       [ 0.01008801, -0.00655122,  0.01021953],
       [ 0.00055723,  0.10376503,  0.01077661],
       [ 0.00241357, -0.04529921,  0.        ]]), array([[ 0.00018208,  0.05299137,  0.00018207],
       [ 0.01008801, -0.00655122,  0.01021953],
       [ 0.00055723,  0.10376503,  0.01077661],
       [ 0.00241357, -0.04529921,  0.        ],
       [-0.00457848, -0.01525544,  0.        ]]), array([[ 0.01008801, -0.00655122,  0.01021953],
       [ 0.00055723,  0.10376503,  0.01077661],
       [ 0.00241357, -0.04529921,  0.        ],
       [-0.00457848, -0.01525544,  0.        ],
       [ 0.00358716,  0.01565274,  0.00358074]]), array([[ 0.00055723,  0.10376503,  0.01077661],
       [ 0.00241357, -0.04529921,  0.        ],
       [-0.00457848, -0.01525544,  0.        ],
       [ 0.00358716,  0.01565274,  0.00358074],
       [ 0.00507374,  0.08926321,  0.        ]]), array([[ 0.00241357, -0.04529921,  0.        ],
       [-0.00457848, -0.01525544,  0.        ],
       [ 0.00358716,  0.01565274,  0.00358074],
       [ 0.00507374,  0.08926321,  0.        ],
       [-0.00715592,  0.13012025,  0.        ]]), array([[-0.00457848, -0.01525544,  0.        ],
       [ 0.00358716,  0.01565274,  0.00358074],
       [ 0.00507374,  0.08926321,  0.        ],
       [-0.00715592,  0.13012025,  0.        ],
       [-0.00070759, -0.04756416, -0.00070784]]), array([[ 0.00358716,  0.01565274,  0.00358074],
       [ 0.00507374,  0.08926321,  0.        ],
       [-0.00715592,  0.13012025,  0.        ],
       [-0.00070759, -0.04756416, -0.00070784],
       [-0.00554202, -0.10460852, -0.00626527]]), array([[ 0.00507374,  0.08926321,  0.        ],
       [-0.00715592,  0.13012025,  0.        ],
       [-0.00070759, -0.04756416, -0.00070784],
       [-0.00554202, -0.10460852, -0.00626527],
       [ 0.00082201, -0.00850639, -0.0054436 ]]), array([[-0.00715592,  0.13012025,  0.        ],
       [-0.00070759, -0.04756416, -0.00070784],
       [-0.00554202, -0.10460852, -0.00626527],
       [ 0.00082201, -0.00850639, -0.0054436 ],
       [ 0.00888962,  0.03698661,  0.        ]]), array([[-0.00070759, -0.04756416, -0.00070784],
       [-0.00554202, -0.10460852, -0.00626527],
       [ 0.00082201, -0.00850639, -0.0054436 ],
       [ 0.00888962,  0.03698661,  0.        ],
       [-0.00370854, -0.15682719,  0.        ]]), array([[-0.00554202, -0.10460852, -0.00626527],
       [ 0.00082201, -0.00850639, -0.0054436 ],
       [ 0.00888962,  0.03698661,  0.        ],
       [-0.00370854, -0.15682719,  0.        ],
       [-0.00141572,  0.09046909,  0.        ]]), array([[ 0.00082201, -0.00850639, -0.0054436 ],
       [ 0.00888962,  0.03698661,  0.        ],
       [-0.00370854, -0.15682719,  0.        ],
       [-0.00141572,  0.09046909,  0.        ],
       [ 0.00544363, -0.06015966,  0.        ]]), array([[ 0.00888962,  0.03698661,  0.        ],
       [-0.00370854, -0.15682719,  0.        ],
       [-0.00141572,  0.09046909,  0.        ],
       [ 0.00544363, -0.06015966,  0.        ],
       [ 0.01365396,  0.04003177,  0.        ]]), array([[-0.00370854, -0.15682719,  0.        ],
       [-0.00141572,  0.09046909,  0.        ],
       [ 0.00544363, -0.06015966,  0.        ],
       [ 0.01365396,  0.04003177,  0.        ],
       [-0.00067135,  0.01554399,  0.        ]]), array([[-0.00141572,  0.09046909,  0.        ],
       [ 0.00544363, -0.06015966,  0.        ],
       [ 0.01365396,  0.04003177,  0.        ],
       [-0.00067135,  0.01554399,  0.        ],
       [-0.00066918, -0.03230832, -0.0006694 ]]), array([[ 0.00544363, -0.06015966,  0.        ],
       [ 0.01365396,  0.04003177,  0.        ],
       [-0.00067135,  0.01554399,  0.        ],
       [-0.00066918, -0.03230832, -0.0006694 ],
       [-0.00079588, -0.0580835 , -0.0014656 ]]), array([[ 0.01365396,  0.04003177,  0.        ],
       [-0.00067135,  0.01554399,  0.        ],
       [-0.00066918, -0.03230832, -0.0006694 ],
       [-0.00079588, -0.0580835 , -0.0014656 ],
       [-0.00153669,  0.01404663,  0.        ]]), array([[-0.00067135,  0.01554399,  0.        ],
       [-0.00066918, -0.03230832, -0.0006694 ],
       [-0.00079588, -0.0580835 , -0.0014656 ],
       [-0.00153669,  0.01404663,  0.        ],
       [ 0.00329637, -0.06381958,  0.        ]])]
Rewards in best episode: [0, 0, 0, 0, 0, 0, 0, 0, 0.024706785026400852, 0, 0, 0, 0, 0.013187268850138106, 0, 0, 0.00864164799208144, 0, 0, 0, 0, 0.0034067390494498854, 0, 0.0014147228872512581, 0, 0.013561588420889377, 0, 0, 0, -0.0030034756884940485, 0]