Average Rewards: 0.01676146088138503
Average Market Return: 0.008556001887767254
      reward  market_return
0   0.039838       0.041559
1   0.023463       0.022834
2   0.001378       0.000274
3   0.007887       0.002500
4   0.020441       0.018256
5   0.012440       0.005696
6   0.025614       0.018334
7   0.024296       0.021276
8   0.014655       0.019815
9   0.001551       0.007750
10  0.031346       0.028475
11  0.021479      -0.006105
12  0.004698      -0.017429
13  0.013320      -0.005827
14  0.006321      -0.049315
15  0.013612       0.006080
16  0.022566      -0.037451
17  0.006018      -0.005932
18  0.028597       0.028051
19  0.000665      -0.012480
20  0.034968       0.036774
21  0.048852       0.055004
22 -0.002635      -0.022081
23  0.015204       0.021655
24  0.030881       0.023701
25 -0.005041      -0.017972
26  0.028452       0.019771
27  0.010813       0.007612
28  0.024188       0.030549
29  0.004662      -0.041545
30 -0.004569      -0.007281
31  0.049595       0.055695
32  0.049948       0.020258
33  0.002799       0.013664
34  0.014270       0.020884
35  0.011435       0.025330
36  0.042232       0.068189
37  0.002583       0.014987
38  0.017060      -0.010298
39  0.009230      -0.004034
40  0.003666      -0.012999
41 -0.001512      -0.046960
42  0.013827       0.005097
43  0.007555      -0.001572
44  0.029271       0.015339
45  0.017182       0.024958
46  0.021866       0.027229
47  0.029618       0.017640
48  0.005396      -0.014995
49  0.006093       0.016837
Win Rate: 68.00%
T-Test Results: T-Stat = 3.32, P-Value = 0.00171
The difference in rewards and market returns is statistically significant at the 5% level.
actions
0    10685
2     7038
1      839
Name: count, dtype: int64
