Average Rewards: 0.03059050037569441
Average Market Return: 4.746510645898608e-06
      reward  market_return
0   0.007301       0.016178
1   0.007153       0.054005
2   0.082500       0.039974
3   0.025139       0.005533
4   0.033373       0.031119
5   0.023305      -0.001637
6   0.063780      -0.018183
7   0.018382       0.020828
8   0.086489      -0.067707
9  -0.005981      -0.001229
10  0.009811       0.007801
11 -0.005045      -0.059211
12  0.089502       0.025113
13 -0.039680      -0.026368
14  0.027243       0.015004
15  0.030668       0.036118
16  0.042775      -0.081648
17 -0.005098      -0.018695
18  0.014615      -0.060658
19 -0.006237       0.069125
20 -0.003216       0.035582
21  0.014443      -0.018588
22  0.000750       0.014385
23  0.037544      -0.001557
24  0.038696      -0.003450
25  0.364783      -0.029066
26  0.000829      -0.004439
27  0.042609      -0.018697
28  0.043280      -0.020745
29 -0.006002      -0.040290
30  0.022382      -0.016984
31  0.014011       0.005494
32  0.011438      -0.001949
33 -0.003768       0.022626
34  0.055633      -0.017983
35  0.023840      -0.017180
36  0.014909       0.006957
37 -0.007854       0.010662
38  0.028150       0.027284
39  0.010966      -0.013184
40  0.079399      -0.033549
41  0.051111       0.133597
42 -0.033983       0.069269
43  0.004332      -0.017767
44  0.039046      -0.032185
45  0.025117       0.014955
46  0.084502       0.024409
47  0.031639       0.016950
48  0.027800      -0.052113
49  0.017146      -0.027668
Win Rate: 74.00%
T-Test Results: T-Stat = 3.01, P-Value = 0.00407
The difference in rewards and market returns is statistically significant at the 5% level.
actions
0    9798
1    8533
2     272
Name: count, dtype: int64
